eval_loss = 0.20142863076762296
eval_precision = 0.7604166666666666
eval_recall = 0.8390804597701149
eval_f1 = 0.7978142076502732
epoch = 9.989690721649485
total_flos = 12722069944507392
