eval_loss = 0.18633351381140528
eval_precision = 0.7717391304347826
eval_recall = 0.8160919540229885
eval_f1 = 0.7932960893854749
epoch = 9.989690721649485
total_flos = 12722069944507392
