eval_loss = 0.17464394611306489
eval_precision = 0.7553191489361702
eval_recall = 0.8160919540229885
eval_f1 = 0.7845303867403314
epoch = 60.0
total_flos = 1846853355110400
