eval_loss = 0.0974777148803696
eval_precision = 0.8152173913043478
eval_recall = 0.8620689655172413
eval_f1 = 0.8379888268156424
epoch = 60.0
total_flos = 5255696336486400
