eval_loss = 0.1598929949786907
eval_precision = 0.71875
eval_recall = 0.7931034482758621
eval_f1 = 0.7540983606557378
epoch = 9.989690721649485
total_flos = 12722069944507392
