eval_loss = 0.2371224476955831
eval_precision = 0.723404255319149
eval_recall = 0.7816091954022989
eval_f1 = 0.7513812154696133
epoch = 9.989690721649485
total_flos = 4470539402714112
