eval_loss = 0.15397491492331028
eval_precision = 0.693069306930693
eval_recall = 0.8045977011494253
eval_f1 = 0.7446808510638299
epoch = 60.0
total_flos = 1846853355110400
