eval_loss = 0.2899899408221245
eval_precision = 0.6875
eval_recall = 0.7586206896551724
eval_f1 = 0.7213114754098361
epoch = 60.0
total_flos = 1846853355110400
