eval_loss = 0.10838803331807867
eval_precision = 0.8636363636363636
eval_recall = 0.8735632183908046
eval_f1 = 0.8685714285714287
epoch = 9.989690721649485
total_flos = 12722069944507392
