eval_loss = 0.14756556516340424
eval_precision = 0.8823529411764706
eval_recall = 0.8620689655172413
eval_f1 = 0.872093023255814
epoch = 60.0
total_flos = 5255696336486400
