eval_loss = 0.20294361130800098
eval_precision = 0.7065217391304348
eval_recall = 0.7471264367816092
eval_f1 = 0.7262569832402235
epoch = 9.989690721649485
total_flos = 4470539402714112
