eval_loss = 0.26122451154515147
eval_precision = 0.7263157894736842
eval_recall = 0.7931034482758621
eval_f1 = 0.7582417582417583
epoch = 9.989690721649485
total_flos = 4470539402714112
