eval_loss = 0.19165385409633018
eval_precision = 0.7717391304347826
eval_recall = 0.8160919540229885
eval_f1 = 0.7932960893854749
epoch = 60.0
total_flos = 5255696336486400
