eval_loss = 0.27737785689532757
eval_precision = 0.7021276595744681
eval_recall = 0.7586206896551724
eval_f1 = 0.729281767955801
epoch = 60.0
total_flos = 1846853355110400
