eval_loss = 0.2803676552430261
eval_precision = 0.7065217391304348
eval_recall = 0.7471264367816092
eval_f1 = 0.7262569832402235
epoch = 60.0
total_flos = 1846853355110400
