eval_loss = 0.19981896318495274
eval_precision = 0.4
eval_recall = 0.5287356321839081
eval_f1 = 0.45544554455445546
epoch = 60.0
total_flos = 5255696336486400
