eval_loss = 0.2522375343405656
eval_precision = 0.6947368421052632
eval_recall = 0.7586206896551724
eval_f1 = 0.7252747252747253
epoch = 9.989690721649485
total_flos = 12722069944507392
