eval_loss = 0.16422931849956512
eval_precision = 0.7708333333333334
eval_recall = 0.8505747126436781
eval_f1 = 0.8087431693989071
epoch = 9.989690721649485
total_flos = 4470539402714112
