eval_loss = 0.22120066662319005
eval_precision = 0.7010309278350515
eval_recall = 0.7816091954022989
eval_f1 = 0.7391304347826086
epoch = 60.0
total_flos = 1846853355110400
