eval_loss = 0.28324732556939125
eval_precision = 0.7070707070707071
eval_recall = 0.8045977011494253
eval_f1 = 0.7526881720430108
epoch = 60.0
total_flos = 1846853355110400
