eval_loss = 0.12415929677536042
eval_precision = 0.8279569892473119
eval_recall = 0.8850574712643678
eval_f1 = 0.8555555555555556
epoch = 9.989690721649485
total_flos = 12722069944507392
