eval_loss = 0.4319522511214018
eval_precision = 0.6391752577319587
eval_recall = 0.7126436781609196
eval_f1 = 0.6739130434782609
epoch = 9.989690721649485
total_flos = 4470539402714112
