eval_loss = 0.13818471525064524
eval_precision = 0.8297872340425532
eval_recall = 0.896551724137931
eval_f1 = 0.861878453038674
epoch = 9.989690721649485
total_flos = 12722069944507392
