eval_loss = 0.190883819013834
eval_precision = 0.7311827956989247
eval_recall = 0.7816091954022989
eval_f1 = 0.7555555555555556
epoch = 60.0
total_flos = 1846853355110400
