eval_loss = 0.34805566631257534
eval_precision = 0.6326530612244898
eval_recall = 0.7126436781609196
eval_f1 = 0.6702702702702703
epoch = 9.989690721649485
total_flos = 4470539402714112
