eval_loss = 0.3055690397741273
eval_precision = 0.6808510638297872
eval_recall = 0.735632183908046
eval_f1 = 0.7071823204419889
epoch = 9.989690721649485
total_flos = 4470539402714112
