eval_loss = 0.2385720929596573
eval_precision = 0.6842105263157895
eval_recall = 0.7471264367816092
eval_f1 = 0.7142857142857142
epoch = 9.989690721649485
total_flos = 4470539402714112
