eval_loss = 0.28556167311035097
eval_precision = 0.7444444444444445
eval_recall = 0.7701149425287356
eval_f1 = 0.7570621468926554
epoch = 60.0
total_flos = 1846853355110400
