eval_loss = 0.09981895658847861
eval_precision = 0.75
eval_recall = 0.8275862068965517
eval_f1 = 0.7868852459016394
epoch = 9.989690721649485
total_flos = 12722069944507392
