eval_loss = 0.017083376281010778
eval_precision = 0.0
eval_recall = 0.0
eval_f1 = 0.0
epoch = 3.988929889298893
total_flos = 4731221639574528
