eval_loss = 0.34801891073584557
eval_precision = 0.6039603960396039
eval_recall = 0.7011494252873564
eval_f1 = 0.648936170212766
epoch = 9.989690721649485
total_flos = 4470539402714112
