eval_loss = 0.30867469031363726
eval_precision = 0.6979166666666666
eval_recall = 0.7701149425287356
eval_f1 = 0.7322404371584699
epoch = 60.0
total_flos = 1846853355110400
