eval_loss = 0.2078980635806147
eval_precision = 0.7934782608695652
eval_recall = 0.8390804597701149
eval_f1 = 0.8156424581005586
epoch = 60.0
total_flos = 5255696336486400
