eval_loss = 0.2671213644280215
eval_precision = 0.7127659574468085
eval_recall = 0.7701149425287356
eval_f1 = 0.7403314917127071
epoch = 9.989690721649485
total_flos = 12722069944507392
