eval_loss = 0.17598046374587284
eval_precision = 0.7291666666666666
eval_recall = 0.8045977011494253
eval_f1 = 0.7650273224043717
epoch = 60.0
total_flos = 5255696336486400
