eval_loss = 0.19217801373451948
eval_precision = 0.7422680412371134
eval_recall = 0.8275862068965517
eval_f1 = 0.782608695652174
epoch = 9.989690721649485
total_flos = 4470539402714112
