eval_loss = 0.18672558316939103
eval_precision = 0.7368421052631579
eval_recall = 0.8045977011494253
eval_f1 = 0.7692307692307692
epoch = 60.0
total_flos = 5255696336486400
