eval_loss = 0.1070579968218226
eval_precision = 0.7956989247311828
eval_recall = 0.8505747126436781
eval_f1 = 0.8222222222222222
epoch = 9.989690721649485
total_flos = 12722069944507392
