eval_loss = 0.1273879431464593
eval_precision = 0.8043478260869565
eval_recall = 0.8505747126436781
eval_f1 = 0.8268156424581005
epoch = 60.0
total_flos = 5255696336486400
