eval_loss = 0.4699230622500181
eval_precision = 0.6739130434782609
eval_recall = 0.7126436781609196
eval_f1 = 0.6927374301675977
epoch = 9.989690721649485
total_flos = 4470539402714112
