eval_loss = 0.3857673890888691
eval_precision = 0.6458333333333334
eval_recall = 0.7126436781609196
eval_f1 = 0.6775956284153006
epoch = 60.0
total_flos = 1846853355110400
