eval_loss = 0.14545741912115773
eval_precision = 0.8222222222222222
eval_recall = 0.8505747126436781
eval_f1 = 0.8361581920903955
epoch = 60.0
total_flos = 5255696336486400
