eval_loss = 0.325635246001184
eval_precision = 0.62
eval_recall = 0.7126436781609196
eval_f1 = 0.6631016042780749
epoch = 9.989690721649485
total_flos = 4470539402714112
