eval_loss = 0.32373179122805595
eval_precision = 0.6701030927835051
eval_recall = 0.7471264367816092
eval_f1 = 0.7065217391304347
epoch = 9.989690721649485
total_flos = 4470539402714112
