eval_loss = 0.2949521013069898
eval_precision = 0.6631578947368421
eval_recall = 0.7241379310344828
eval_f1 = 0.6923076923076923
epoch = 9.989690721649485
total_flos = 4470539402714112
