eval_loss = 0.46441860869526863
eval_precision = 0.6526315789473685
eval_recall = 0.7126436781609196
eval_f1 = 0.6813186813186813
epoch = 9.989690721649485
total_flos = 4470539402714112
