eval_loss = 0.37730707274749875
eval_precision = 0.6631578947368421
eval_recall = 0.7241379310344828
eval_f1 = 0.6923076923076923
epoch = 60.0
total_flos = 1846853355110400
