eval_loss = 0.19570599915459752
eval_precision = 0.8409090909090909
eval_recall = 0.8505747126436781
eval_f1 = 0.8457142857142856
epoch = 9.989690721649485
total_flos = 12722069944507392
