eval_loss = 0.2351423241198063
eval_precision = 0.6494845360824743
eval_recall = 0.7241379310344828
eval_f1 = 0.6847826086956522
epoch = 9.989690721649485
total_flos = 4470539402714112
