eval_loss = 0.2098593912087381
eval_precision = 0.3684210526315789
eval_recall = 0.4827586206896552
eval_f1 = 0.417910447761194
epoch = 60.0
total_flos = 5255696336486400
