eval_loss = 0.2176398979499936
eval_precision = 0.7446808510638298
eval_recall = 0.8045977011494253
eval_f1 = 0.7734806629834253
epoch = 9.989690721649485
total_flos = 4470539402714112
