eval_loss = 0.2719309162657737
eval_precision = 0.7666666666666667
eval_recall = 0.7931034482758621
eval_f1 = 0.7796610169491527
epoch = 60.0
total_flos = 5255696336486400
