eval_loss = 0.3221951639279723
eval_precision = 0.6464646464646465
eval_recall = 0.735632183908046
eval_f1 = 0.6881720430107527
epoch = 60.0
total_flos = 1846853355110400
