eval_loss = 0.25625457987189293
eval_precision = 0.7526881720430108
eval_recall = 0.8045977011494253
eval_f1 = 0.7777777777777778
epoch = 9.989690721649485
total_flos = 4470539402714112
