eval_loss = 0.18508469780135783
eval_precision = 0.7553191489361702
eval_recall = 0.8160919540229885
eval_f1 = 0.7845303867403314
epoch = 9.989690721649485
total_flos = 12722069944507392
