eval_loss = 0.06758785636338871
eval_precision = 0.8351648351648352
eval_recall = 0.8735632183908046
eval_f1 = 0.853932584269663
epoch = 9.989690721649485
total_flos = 12722069944507392
