eval_loss = 0.33779785144724883
eval_precision = 0.7127659574468085
eval_recall = 0.7701149425287356
eval_f1 = 0.7403314917127071
epoch = 60.0
total_flos = 1846853355110400
