eval_loss = 0.5153965707868338
eval_precision = 0.6813186813186813
eval_recall = 0.7126436781609196
eval_f1 = 0.6966292134831461
epoch = 60.0
total_flos = 1846853355110400
