eval_loss = 0.22178069557230629
eval_precision = 0.7263157894736842
eval_recall = 0.7931034482758621
eval_f1 = 0.7582417582417583
epoch = 60.0
total_flos = 5255696336486400
