eval_loss = 0.05440852647598149
eval_precision = 0.8681318681318682
eval_recall = 0.9080459770114943
eval_f1 = 0.8876404494382023
epoch = 60.0
total_flos = 5255696336486400
