eval_loss = 0.4335062801837921
eval_precision = 0.7021276595744681
eval_recall = 0.7586206896551724
eval_f1 = 0.729281767955801
epoch = 9.989690721649485
total_flos = 4470539402714112
