eval_loss = 0.22461800949440658
eval_precision = 0.8021978021978022
eval_recall = 0.8390804597701149
eval_f1 = 0.8202247191011236
epoch = 9.989690721649485
total_flos = 12722069944507392
