eval_loss = 0.2536027701571584
eval_precision = 0.6274509803921569
eval_recall = 0.735632183908046
eval_f1 = 0.6772486772486773
epoch = 9.989690721649485
total_flos = 4470539402714112
