eval_loss = 0.10745970536663663
eval_precision = 0.7872340425531915
eval_recall = 0.8505747126436781
eval_f1 = 0.8176795580110497
epoch = 9.989690721649485
total_flos = 12722069944507392
