eval_loss = 0.3262332072481513
eval_precision = 0.723404255319149
eval_recall = 0.7816091954022989
eval_f1 = 0.7513812154696133
epoch = 60.0
total_flos = 1846853355110400
