eval_loss = 0.2645637635141611
eval_precision = 0.7052631578947368
eval_recall = 0.7701149425287356
eval_f1 = 0.7362637362637363
epoch = 60.0
total_flos = 1846853355110400
