eval_loss = 0.2069858768954873
eval_precision = 0.8333333333333334
eval_recall = 0.8620689655172413
eval_f1 = 0.847457627118644
epoch = 60.0
total_flos = 1846853355110400
