eval_loss = 0.28198837488889694
eval_precision = 0.6509433962264151
eval_recall = 0.7931034482758621
eval_f1 = 0.7150259067357512
epoch = 9.989690721649485
total_flos = 4470539402714112
