eval_loss = 0.22428024373948574
eval_precision = 0.6632653061224489
eval_recall = 0.7471264367816092
eval_f1 = 0.7027027027027026
epoch = 9.989690721649485
total_flos = 4470539402714112
