eval_loss = 0.18450113895960385
eval_precision = 0.6907216494845361
eval_recall = 0.7701149425287356
eval_f1 = 0.7282608695652173
epoch = 9.989690721649485
total_flos = 12722069944507392
