eval_loss = 0.41746307956054807
eval_precision = 0.7282608695652174
eval_recall = 0.7701149425287356
eval_f1 = 0.7486033519553073
epoch = 60.0
total_flos = 1846853355110400
