eval_loss = 0.3418238367885351
eval_precision = 0.6122448979591837
eval_recall = 0.6896551724137931
eval_f1 = 0.6486486486486487
epoch = 9.989690721649485
total_flos = 4470539402714112
