eval_loss = 0.2643635090171301
eval_precision = 0.7802197802197802
eval_recall = 0.8160919540229885
eval_f1 = 0.797752808988764
epoch = 60.0
total_flos = 5255696336486400
