eval_loss = 0.06458891542206402
eval_precision = 0.8020833333333334
eval_recall = 0.8850574712643678
eval_f1 = 0.8415300546448087
epoch = 60.0
total_flos = 5255696336486400
