eval_loss = 0.34823567885905504
eval_precision = 0.7252747252747253
eval_recall = 0.7586206896551724
eval_f1 = 0.7415730337078651
epoch = 60.0
total_flos = 1846853355110400
