eval_loss = 0.1938589552164558
eval_precision = 0.7216494845360825
eval_recall = 0.8045977011494253
eval_f1 = 0.7608695652173912
epoch = 9.989690721649485
total_flos = 12722069944507392
