eval_loss = 0.25095888786017895
eval_precision = 0.2846153846153846
eval_recall = 0.42528735632183906
eval_f1 = 0.34101382488479265
epoch = 60.0
total_flos = 5255696336486400
