eval_loss = 0.24895158223807812
eval_precision = 0.7849462365591398
eval_recall = 0.8390804597701149
eval_f1 = 0.8111111111111111
epoch = 60.0
total_flos = 1846853355110400
