eval_loss = 0.32932999916374683
eval_precision = 0.6458333333333334
eval_recall = 0.7126436781609196
eval_f1 = 0.6775956284153006
epoch = 9.989690721649485
total_flos = 4470539402714112
