eval_loss = 0.16633537784218788
eval_precision = 0.8426966292134831
eval_recall = 0.8620689655172413
eval_f1 = 0.8522727272727273
epoch = 60.0
total_flos = 1846853355110400
