eval_loss = 0.48108394630253315
eval_precision = 0.717391304347826
eval_recall = 0.7586206896551724
eval_f1 = 0.7374301675977654
epoch = 9.989690721649485
total_flos = 4470539402714112
