eval_loss = 0.306306803599
eval_precision = 0.6770833333333334
eval_recall = 0.7471264367816092
eval_f1 = 0.7103825136612023
epoch = 9.989690721649485
total_flos = 4470539402714112
