eval_loss = 0.2605280801653862
eval_precision = 0.7582417582417582
eval_recall = 0.7931034482758621
eval_f1 = 0.7752808988764045
epoch = 60.0
total_flos = 1846853355110400
