eval_loss = 0.1735807375061995
eval_precision = 0.7553191489361702
eval_recall = 0.8160919540229885
eval_f1 = 0.7845303867403314
epoch = 60.0
total_flos = 5255696336486400
