eval_loss = 0.2171270833350718
eval_precision = 0.7692307692307693
eval_recall = 0.8045977011494253
eval_f1 = 0.7865168539325844
epoch = 60.0
total_flos = 1846853355110400
