eval_loss = 0.1833777860738337
eval_precision = 0.7040816326530612
eval_recall = 0.7931034482758621
eval_f1 = 0.7459459459459459
epoch = 60.0
total_flos = 1846853355110400
