eval_loss = 0.28123513888567686
eval_precision = 0.6836734693877551
eval_recall = 0.7701149425287356
eval_f1 = 0.7243243243243244
epoch = 9.989690721649485
total_flos = 4470539402714112
