eval_loss = 0.46051267720758915
eval_precision = 0.65625
eval_recall = 0.7241379310344828
eval_f1 = 0.6885245901639345
epoch = 9.989690721649485
total_flos = 4470539402714112
