eval_loss = 0.2430320205166936
eval_precision = 0.6836734693877551
eval_recall = 0.7701149425287356
eval_f1 = 0.7243243243243244
epoch = 60.0
total_flos = 1846853355110400
