eval_loss = 0.3708304092288017
eval_precision = 0.7083333333333334
eval_recall = 0.7816091954022989
eval_f1 = 0.7431693989071038
epoch = 9.989690721649485
total_flos = 4470539402714112
