eval_loss = 0.2901302818208933
eval_precision = 0.7157894736842105
eval_recall = 0.7816091954022989
eval_f1 = 0.7472527472527474
epoch = 9.989690721649485
total_flos = 4470539402714112
