eval_loss = 0.29680352471768856
eval_precision = 0.6881720430107527
eval_recall = 0.735632183908046
eval_f1 = 0.7111111111111111
epoch = 60.0
total_flos = 1846853355110400
