eval_loss = 0.29950589686632156
eval_precision = 0.5882352941176471
eval_recall = 0.6896551724137931
eval_f1 = 0.6349206349206349
epoch = 9.989690721649485
total_flos = 4470539402714112
