eval_loss = 0.48879348393529654
eval_precision = 0.6451612903225806
eval_recall = 0.6896551724137931
eval_f1 = 0.6666666666666667
epoch = 60.0
total_flos = 1846853355110400
