eval_loss = 0.5237811040133238
eval_precision = 0.6875
eval_recall = 0.7586206896551724
eval_f1 = 0.7213114754098361
epoch = 9.989690721649485
total_flos = 4470539402714112
