eval_loss = 0.35593445715494454
eval_precision = 0.6630434782608695
eval_recall = 0.7011494252873564
eval_f1 = 0.6815642458100558
epoch = 9.989690721649485
total_flos = 4470539402714112
