eval_loss = 0.27334006037563086
eval_precision = 0.6770833333333334
eval_recall = 0.7471264367816092
eval_f1 = 0.7103825136612023
epoch = 60.0
total_flos = 1846853355110400
