eval_loss = 0.19768482446670532
eval_precision = 0.7473684210526316
eval_recall = 0.8160919540229885
eval_f1 = 0.7802197802197802
epoch = 60.0
total_flos = 1846853355110400
