eval_loss = 0.16415179841897043
eval_precision = 0.7171717171717171
eval_recall = 0.8160919540229885
eval_f1 = 0.7634408602150538
epoch = 9.989690721649485
total_flos = 12722069944507392
