eval_loss = 0.1904780650511384
eval_precision = 0.6666666666666666
eval_recall = 0.7586206896551724
eval_f1 = 0.7096774193548386
epoch = 60.0
total_flos = 1846853355110400
