eval_loss = 0.26454412564635277
eval_precision = 0.7555555555555555
eval_recall = 0.7816091954022989
eval_f1 = 0.768361581920904
epoch = 60.0
total_flos = 1846853355110400
